SANCTI AURELII

AUGUSTIN I

1111101100001011111

OPERA 01111110,

1³0ss LOVANIENSIUM 0110000000οΜ 000000100011,

1100 00 00 0 1000, 10100000, 00001000, 010,

000110110 0001010000 1101100000 0000100010000

010Ιο 00 000010

101111011110111111111111111111111

0 0000000001000 0. num.

1111111 1111111111, 11111111 1111111,

0000001100 1.·Ρ. 1110110,

mnemon 1111001 001000101,

00000011 000100000011 10 01000000 0010110110 0000001000100 001000 00100011

0οΜ00 QUARTUS.
011 afim„

111 111. l’mx: 86 11.
m

⁰PARlslls

101111 01110 0011011011 10 1100 PBlEstlTO 1100000000,1111110 1001011 1111011111,
muca: 111 111111101111111111.

1111.

 

